#! FIELDS time e
 0.050000 -10.966444
 0.100000 -11.299681
 0.150000 -11.345752
 0.200000 -11.151659
 0.250000 -10.938250
 0.300000 -10.916521
 0.350000 -11.302815
 0.400000 -11.404565
 0.450000 -11.382049
 0.500000 -11.675720
 0.550000 -11.489433
 0.600000 -10.666851
 0.650000 -10.512521
 0.700000 -11.050736
 0.750000 -10.885330
 0.800000 -10.486110
 0.850000 -10.343462
 0.900000 -10.347689
 0.950000 -10.219327
 1.000000 -10.030437
 1.050000 -10.054418
 1.100000 -10.753439
 1.150000 -11.184702
 1.200000 -11.490602
 1.250000 -11.172016
 1.300000 -10.846003
 1.350000 -10.992438
 1.400000 -11.328231
 1.450000 -11.309485
 1.500000 -11.023662
 1.550000 -10.903047
 1.600000 -10.932517
 1.650000 -10.985276
 1.700000 -11.135401
 1.750000 -11.163347
 1.800000 -11.314490
 1.850000 -11.385179
 1.900000 -11.589283
 1.950000 -11.976903
 2.000000 -11.923693
 2.050000 -11.391098
 2.100000 -11.075506
 2.150000 -11.149310
 2.200000 -11.013760
 2.250000 -10.877965
 2.300000 -10.923233
 2.350000 -10.779616
 2.400000 -10.549330
 2.450000 -10.874124
 2.500000 -10.902810
 2.550000 -10.450616
 2.600000 -10.524627
 2.650000 -10.854842
 2.700000 -10.867519
 2.750000 -10.724808
 2.800000 -10.787097
 2.850000 -10.877878
 2.900000 -10.644417
 2.950000 -10.894366
 3.000000 -11.239626
 3.050000 -11.294658
 3.100000 -11.270369
 3.150000 -10.803868
 3.200000 -11.165572
 3.250000 -11.137066
 3.300000 -10.856383
 3.350000 -10.760774
 3.400000 -10.916585
 3.450000 -11.076666
 3.500000 -11.088533
 3.550000 -10.958655
 3.600000 -10.850789
 3.650000 -11.152490
 3.700000 -11.538196
 3.750000 -11.659317
 3.800000 -11.177330
 3.850000 -11.538148
 3.900000 -12.011420
 3.950000 -11.791932
 4.000000 -11.497030
 4.050000 -11.596649
 4.100000 -11.589918
 4.150000 -11.303225
 4.200000 -11.186797
 4.250000 -11.461423
 4.300000 -11.707301
 4.350000 -11.776761
 4.400000 -11.899438
 4.450000 -11.724112
 4.500000 -11.379749
 4.550000 -11.658726
 4.600000 -11.513988
 4.650000 -11.222532
 4.700000 -11.170104
 4.750000 -11.245340
 4.800000 -11.138781
 4.850000 -10.997850
 4.900000 -11.011630
 4.950000 -11.058525
 5.000000 -11.014894
 5.050000 -10.971884
 5.100000 -11.039437
 5.150000 -10.806114
 5.200000 -11.002598
 5.250000 -11.163532
 5.300000 -11.131657
 5.350000 -11.175623
 5.400000 -11.227123
 5.450000 -11.499135
 5.500000 -11.373288
 5.550000 -11.160377
 5.600000 -11.218374
 5.650000 -11.004561
 5.700000 -10.803220
 5.750000 -11.058927
 5.800000 -11.392394
 5.850000 -11.456754
 5.900000 -11.411903
 5.950000 -11.537157
 6.000000 -11.686689
 6.050000 -11.572869
 6.100000 -11.064019
 6.150000 -11.568341
 6.200000 -11.636193
 6.250000 -11.573221
 6.300000 -11.660579
 6.350000 -11.796084
 6.400000 -11.789103
 6.450000 -11.763499
 6.500000 -11.664805
 6.550000 -11.502757
 6.600000 -11.794293
 6.650000 -11.886958
 6.700000 -11.610210
 6.750000 -11.610266
 6.800000 -11.611709
 6.850000 -11.664656
 6.900000 -11.573603
 6.950000 -11.713608
 7.000000 -11.886312
 7.050000 -11.955845
 7.100000 -11.661575
 7.150000 -11.398849
 7.200000 -11.720869
 7.250000 -11.659819
 7.300000 -11.436986
 7.350000 -11.345217
 7.400000 -11.315999
 7.450000 -11.321199
 7.500000 -11.069957
 7.550000 -11.080039
 7.600000 -11.189408
 7.650000 -11.308193
 7.700000 -11.708139
 7.750000 -11.813878
 7.800000 -11.153944
 7.850000 -10.629298
 7.900000 -10.831512
 7.950000 -10.979504
 8.000000 -10.812888
 8.050000 -10.230248
 8.100000 -9.918216
 8.150000 -10.007448
 8.200000 -10.227125
 8.250000 -10.367362
 8.300000 -10.503099
 8.350000 -10.800860
 8.400000 -11.025559
 8.450000 -10.796770
 8.500000 -10.852756
 8.550000 -10.806211
 8.600000 -10.921898
 8.650000 -11.405292
 8.700000 -11.734963
 8.750000 -11.550777
 8.800000 -11.099953
 8.850000 -10.906057
 8.900000 -10.852823
 8.950000 -10.713356
 9.000000 -10.466056
 9.050000 -10.174455
 9.100000 -9.969767
 9.150000 -9.961963
 9.200000 -10.027793
 9.250000 -10.037632
 9.300000 -10.085835
 9.350000 -10.104068
 9.400000 -10.086548
 9.450000 -10.423586
 9.500000 -9.881400
 9.550000 -9.916837
 9.600000 -10.568409
 9.650000 -10.432758
 9.700000 -9.955867
 9.750000 -9.948526
 9.800000 -10.115263
 9.850000 -9.922304
 9.900000 -9.742240
 9.950000 -10.132905
 10.000000 -10.650424
 10.050000 -10.879914
 10.100000 -11.244499
 10.150000 -10.886215
 10.200000 -11.134475
 10.250000 -11.377361
 10.300000 -10.493078
 10.350000 -11.312163
 10.400000 -11.239972
 10.450000 -10.943598
 10.500000 -10.621095
 10.550000 -10.131477
 10.600000 -9.947143
 10.650000 -10.134972
 10.700000 -9.992730
 10.750000 -9.547715
 10.800000 -9.242687
 10.850000 -9.381290
 10.900000 -9.370699
 10.950000 -8.970132
 11.000000 -8.725328
 11.050000 -8.873337
 11.100000 -8.978038
 11.150000 -9.114927
 11.200000 -9.179891
 11.250000 -9.191517
 11.300000 -9.349275
 11.350000 -9.822706
 11.400000 -9.620665
 11.450000 -9.061926
 11.500000 -9.439817
 11.550000 -9.827933
 11.600000 -9.422835
 11.650000 -9.840676
 11.700000 -10.125004
 11.750000 -9.987022
 11.800000 -9.918947
 11.850000 -10.154597
 11.900000 -10.404760
 11.950000 -9.824275
 12.000000 -9.445479
 12.050000 -9.990393
 12.100000 -10.246058
 12.150000 -10.570176
 12.200000 -10.396077
 12.250000 -10.203203
 12.300000 -10.140171
 12.350000 -10.297391
 12.400000 -10.511366
 12.450000 -10.600891
 12.500000 -10.443108
 12.550000 -10.401667
 12.600000 -10.483001
 12.650000 -10.989669
 12.700000 -11.259168
 12.750000 -11.152654
 12.800000 -11.183889
 12.850000 -11.350672
 12.900000 -11.416153
 12.950000 -11.086909
 13.000000 -10.355931
 13.050000 -10.449113
 13.100000 -11.316989
 13.150000 -11.152596
 13.200000 -10.354575
 13.250000 -11.222371
 13.300000 -11.400341
 13.350000 -10.976872
 13.400000 -10.763152
 13.450000 -10.809931
 13.500000 -10.156392
 13.550000 -10.823273
 13.600000 -11.054704
 13.650000 -10.619563
 13.700000 -10.917348
 13.750000 -10.708246
 13.800000 -10.575757
 13.850000 -10.675468
 13.900000 -10.728059
 13.950000 -10.520744
 14.000000 -10.338490
 14.050000 -10.552291
 14.100000 -11.045254
 14.150000 -10.679499
 14.200000 -9.991346
 14.250000 -9.889182
 14.300000 -9.782168
 14.350000 -9.529626
 14.400000 -9.289296
 14.450000 -9.169821
 14.500000 -9.283275
 14.550000 -9.549397
 14.600000 -9.625412
 14.650000 -9.243176
 14.700000 -9.298286
 14.750000 -9.693438
 14.800000 -9.606611
 14.850000 -9.330035
 14.900000 -9.615980
 14.950000 -9.857561
 15.000000 -9.957009
 15.050000 -9.779024
 15.100000 -9.628729
 15.150000 -9.501174
 15.200000 -9.049600
 15.250000 -8.859935
 15.300000 -9.502828
 15.350000 -9.328052
 15.400000 -9.120578
 15.450000 -9.238424
 15.500000 -9.334173
 15.550000 -9.296148
 15.600000 -9.057486
 15.650000 -9.035806
 15.700000 -9.097255
 15.750000 -9.213688
 15.800000 -9.261008
 15.850000 -9.076156
 15.900000 -9.451865
 15.950000 -9.746201
 16.000000 -9.380268
 16.050000 -9.392525
 16.100000 -9.841980
 16.150000 -9.067025
 16.200000 -9.738571
 16.250000 -9.772598
 16.300000 -9.467955
 16.350000 -9.158546
 16.400000 -8.902760
 16.450000 -8.633685
 16.500000 -8.340649
 16.550000 -8.342183
 16.600000 -8.160589
 16.650000 -8.384373
 16.700000 -9.198763
 16.750000 -9.886621
 16.800000 -9.943003
 16.850000 -9.508214
 16.900000 -8.882819
 16.950000 -9.398894
 17.000000 -10.058325
 17.050000 -10.285392
 17.100000 -10.046671
 17.150000 -9.552370
 17.200000 -9.509768
 17.250000 -9.722595
 17.300000 -9.676456
 17.350000 -9.440488
 17.400000 -9.324810
 17.450000 -9.105317
 17.500000 -8.768566
 17.550000 -9.022952
 17.600000 -9.332675
 17.650000 -9.546791
 17.700000 -9.684173
 17.750000 -9.806923
 17.800000 -9.942034
 17.850000 -9.705336
 17.900000 -9.408598
 17.950000 -10.373451
 18.000000 -10.419783
 18.050000 -9.901839
 18.100000 -9.496564
 18.150000 -9.845871
 18.200000 -10.196443
 18.250000 -10.191486
 18.300000 -10.034695
 18.350000 -9.936108
 18.400000 -10.098937
 18.450000 -10.130487
 18.500000 -10.219035
 18.550000 -10.424024
 18.600000 -10.545112
 18.650000 -10.503924
 18.700000 -10.183938
 18.750000 -9.799228
 18.800000 -9.783399
 18.850000 -9.836886
 18.900000 -9.953116
 18.950000 -9.855487
 19.000000 -9.768944
 19.050000 -9.749007
 19.100000 -9.647908
 19.150000 -9.485689
 19.200000 -9.565480
 19.250000 -9.672778
 19.300000 -9.578392
 19.350000 -9.457520
 19.400000 -9.492938
 19.450000 -9.551890
 19.500000 -9.642845
 19.550000 -9.770070
 19.600000 -9.829092
 19.650000 -9.652592
 19.700000 -9.628143
 19.750000 -9.667445
 19.800000 -10.013312
 19.850000 -10.327941
 19.900000 -10.153453
 19.950000 -9.922656
 20.000000 -9.998239
 20.050000 -9.793360
 20.100000 -9.919136
 20.150000 -9.784225
 20.200000 -9.724359
 20.250000 -10.191480
 20.300000 -10.317579
 20.350000 -10.028885
 20.400000 -9.902049
 20.450000 -9.747084
 20.500000 -9.688520
 20.550000 -10.184526
 20.600000 -10.359711
 20.650000 -10.180850
 20.700000 -9.945699
 20.750000 -9.876734
 20.800000 -9.988364
 20.850000 -9.909275
 20.900000 -10.052258
 20.950000 -10.098337
 21.000000 -10.003296
 21.050000 -9.959947
 21.100000 -9.888521
 21.150000 -9.552675
 21.200000 -9.106127
 21.250000 -9.148380
 21.300000 -9.383901
 21.350000 -9.380619
 21.400000 -9.108688
 21.450000 -9.045702
 21.500000 -9.486799
 21.550000 -9.770601
 21.600000 -9.746002
 21.650000 -9.245850
 21.700000 -9.415744
 21.750000 -9.935333
 21.800000 -9.830487
 21.850000 -9.664434
 21.900000 -9.953289
 21.950000 -10.115554
 22.000000 -9.836350
 22.050000 -9.930830
 22.100000 -9.869777
 22.150000 -9.988579
 22.200000 -9.987741
 22.250000 -9.700599
 22.300000 -9.443159
 22.350000 -9.516010
 22.400000 -9.467482
 22.450000 -9.392608
 22.500000 -9.381184
 22.550000 -9.401230
 22.600000 -9.413968
 22.650000 -9.463993
 22.700000 -9.733781
 22.750000 -9.868306
 22.800000 -9.524837
 22.850000 -9.909229
 22.900000 -10.048482
 22.950000 -9.979643
 23.000000 -9.740824
 23.050000 -9.527201
 23.100000 -9.752469
 23.150000 -9.795928
 23.200000 -9.659993
 23.250000 -9.363813
 23.300000 -9.698009
 23.350000 -9.879947
 23.400000 -9.927468
 23.450000 -10.134083
 23.500000 -10.438780
 23.550000 -10.568581
 23.600000 -10.467673
 23.650000 -10.142619
 23.700000 -10.010669
 23.750000 -10.175008
 23.800000 -9.923364
 23.850000 -9.625300
 23.900000 -10.155280
 23.950000 -10.224675
 24.000000 -10.043860
 24.050000 -9.984825
 24.100000 -9.854257
 24.150000 -9.919470
 24.200000 -9.254485
 24.250000 -9.061477
 24.300000 -9.253455
 24.350000 -9.139006
 24.400000 -8.821841
 24.450000 -8.871862
 24.500000 -9.116704
 24.550000 -9.040814
 24.600000 -8.937458
 24.650000 -9.039409
 24.700000 -9.036187
 24.750000 -8.643038
 24.800000 -8.463415
 24.850000 -8.775063
 24.900000 -8.372811
 24.950000 -8.517541
 25.000000 -8.546338
 25.050000 -8.354557
 25.100000 -8.042069
 25.150000 -7.973019
 25.200000 -8.487636
 25.250000 -8.900516
 25.300000 -9.097001
 25.350000 -9.140712
 25.400000 -9.075430
 25.450000 -9.061416
 25.500000 -8.904074
 25.550000 -8.648532
 25.600000 -8.796395
 25.650000 -9.177547
 25.700000 -9.027020
 25.750000 -8.923480
 25.800000 -8.968779
 25.850000 -8.906341
 25.900000 -8.788347
 25.950000 -8.632462
 26.000000 -8.493133
 26.050000 -8.355224
 26.100000 -8.287956
 26.150000 -8.298002
 26.200000 -8.361335
 26.250000 -8.470444
 26.300000 -8.582261
 26.350000 -8.706478
 26.400000 -8.875417
 26.450000 -9.180419
 26.500000 -8.997638
 26.550000 -9.230120
 26.600000 -9.308547
 26.650000 -8.676253
 26.700000 -9.000315
 26.750000 -8.679025
 26.800000 -8.838788
 26.850000 -9.370061
 26.900000 -9.541059
 26.950000 -9.386001
 27.000000 -9.365193
 27.050000 -9.034833
 27.100000 -8.728284
 27.150000 -9.011253
 27.200000 -9.163183
 27.250000 -9.242896
 27.300000 -9.421016
 27.350000 -9.562877
 27.400000 -9.507054
 27.450000 -9.246655
 27.500000 -9.316542
 27.550000 -9.499177
 27.600000 -9.471993
 27.650000 -9.472974
 27.700000 -9.302659
 27.750000 -8.889383
 27.800000 -8.850070
 27.850000 -9.236214
 27.900000 -9.181734
 27.950000 -8.978227
 28.000000 -8.986213
 28.050000 -9.337089
 28.100000 -9.256762
 28.150000 -9.069565
 28.200000 -8.961649
 28.250000 -9.116863
 28.300000 -9.232791
 28.350000 -8.936757
 28.400000 -8.530201
 28.450000 -8.942218
 28.500000 -9.035399
 28.550000 -8.887713
 28.600000 -8.749813
 28.650000 -8.652446
 28.700000 -8.527703
 28.750000 -8.505341
 28.800000 -8.527840
 28.850000 -8.538679
 28.900000 -8.625998
 28.950000 -8.812657
 29.000000 -8.879696
 29.050000 -9.199407
 29.100000 -9.457838
 29.150000 -9.776358
 29.200000 -9.427380
 29.250000 -9.263577
 29.300000 -9.856976
 29.350000 -9.196528
 29.400000 -9.705321
 29.450000 -9.937570
 29.500000 -9.213888
 29.550000 -9.874503
 29.600000 -10.026389
 29.650000 -9.114451
 29.700000 -8.991394
 29.750000 -9.442887
 29.800000 -9.351617
 29.850000 -9.177191
 29.900000 -8.954338
 29.950000 -8.864175
 30.000000 -8.946772
 30.050000 -9.038062
 30.100000 -9.226593
 30.150000 -9.471592
 30.200000 -9.909044
 30.250000 -10.063301
 30.300000 -10.353944
 30.350000 -9.776963
 30.400000 -9.717940
 30.450000 -10.390223
 30.500000 -9.953125
 30.550000 -10.064356
 30.600000 -10.248302
 30.650000 -10.089022
 30.700000 -9.885549
 30.750000 -9.813191
 30.800000 -9.800064
 30.850000 -9.926403
 30.900000 -10.203874
 30.950000 -10.432856
 31.000000 -10.475257
 31.050000 -10.477556
 31.100000 -10.404366
 31.150000 -10.598748
 31.200000 -10.867024
 31.250000 -10.872042
 31.300000 -10.708017
 31.350000 -10.496687
 31.400000 -10.418141
 31.450000 -10.433232
 31.500000 -10.477063
 31.550000 -10.596998
 31.600000 -10.682713
 31.650000 -10.609793
 31.700000 -10.299245
 31.750000 -10.033322
 31.800000 -10.160269
 31.850000 -10.538269
 31.900000 -10.497028
 31.950000 -10.359747
 32.000000 -10.320218
 32.050000 -10.140045
 32.100000 -10.088513
 32.150000 -10.183330
 32.200000 -10.279274
 32.250000 -10.094679
 32.300000 -10.046005
 32.350000 -10.334179
 32.400000 -10.419539
 32.450000 -10.393557
 32.500000 -10.365237
 32.550000 -10.358587
 32.600000 -10.261932
 32.650000 -10.145755
 32.700000 -10.292429
 32.750000 -10.368382
 32.800000 -10.224394
 32.850000 -10.137366
 32.900000 -10.213844
 32.950000 -10.324870
 33.000000 -10.041853
 33.050000 -10.042949
 33.100000 -10.333133
 33.150000 -9.898187
 33.200000 -10.003212
 33.250000 -10.174608
 33.300000 -10.374155
 33.350000 -10.270936
 33.400000 -10.330071
 33.450000 -10.230873
 33.500000 -10.134375
 33.550000 -10.463944
 33.600000 -10.519492
 33.650000 -10.278582
 33.700000 -10.442142
 33.750000 -9.882894
 33.800000 -9.845980
 33.850000 -10.477896
 33.900000 -10.448113
 33.950000 -10.118523
 34.000000 -9.810217
 34.050000 -9.585715
 34.100000 -9.568639
 34.150000 -9.607604
 34.200000 -9.616050
 34.250000 -9.630384
 34.300000 -9.664266
 34.350000 -9.735931
 34.400000 -9.852701
 34.450000 -9.442569
 34.500000 -9.840025
 34.550000 -10.455898
 34.600000 -9.737342
 34.650000 -9.370953
 34.700000 -9.693875
 34.750000 -10.132816
 34.800000 -10.010303
 34.850000 -9.675297
 34.900000 -9.218200
 34.950000 -9.132938
 35.000000 -9.197151
 35.050000 -9.174012
 35.100000 -9.257622
 35.150000 -9.467701
 35.200000 -9.932532
 35.250000 -10.312481
 35.300000 -10.125351
 35.350000 -10.074379
 35.400000 -10.521470
 35.450000 -10.171571
 35.500000 -9.696218
 35.550000 -9.682969
 35.600000 -9.926363
 35.650000 -9.985689
 35.700000 -9.830462
 35.750000 -9.755870
 35.800000 -9.677456
 35.850000 -9.669906
 35.900000 -9.811904
 35.950000 -10.052522
 36.000000 -10.230333
 36.050000 -10.204896
 36.100000 -10.158221
 36.150000 -10.286307
 36.200000 -10.401817
 36.250000 -10.434570
 36.300000 -10.523646
 36.350000 -10.592806
 36.400000 -10.592519
 36.450000 -10.495439
 36.500000 -10.248303
 36.550000 -10.184824
 36.600000 -10.271867
 36.650000 -9.965471
 36.700000 -9.756963
 36.750000 -9.842183
 36.800000 -10.059454
 36.850000 -10.107886
 36.900000 -9.754394
 36.950000 -9.239836
 37.000000 -9.797679
 37.050000 -10.511584
 37.100000 -9.966482
 37.150000 -9.354097
 37.200000 -9.371052
 37.250000 -9.246025
 37.300000 -9.077468
 37.350000 -9.155071
 37.400000 -9.201602
 37.450000 -8.741540
 37.500000 -8.460637
 37.550000 -9.009404
 37.600000 -9.424056
 37.650000 -9.269984
 37.700000 -8.968908
 37.750000 -9.229331
 37.800000 -9.815097
 37.850000 -9.925427
 37.900000 -9.122763
 37.950000 -8.650817
 38.000000 -9.302301
 38.050000 -9.550316
 38.100000 -9.002516
 38.150000 -8.302811
 38.200000 -8.184927
 38.250000 -8.198033
 38.300000 -8.029376
 38.350000 -7.802497
 38.400000 -7.733894
 38.450000 -7.916397
 38.500000 -8.029383
 38.550000 -7.783143
 38.600000 -7.722456
 38.650000 -8.082086
 38.700000 -8.256268
 38.750000 -8.384791
 38.800000 -8.661953
 38.850000 -8.990903
 38.900000 -9.179288
 38.950000 -9.446640
 39.000000 -9.616816
 39.050000 -9.483688
 39.100000 -9.513113
 39.150000 -9.907555
 39.200000 -10.074600
 39.250000 -9.762283
 39.300000 -9.514907
 39.350000 -9.704220
 39.400000 -9.738971
 39.450000 -9.580459
 39.500000 -9.393637
 39.550000 -9.206458
 39.600000 -9.130759
 39.650000 -9.133936
 39.700000 -9.309177
 39.750000 -9.510781
 39.800000 -9.754179
 39.850000 -9.834479
 39.900000 -9.759519
 39.950000 -10.602098
 40.000000 -10.735284
 40.050000 -10.364629
 40.100000 -9.909112
 40.150000 -9.389242
 40.200000 -9.194401
 40.250000 -9.259434
 40.300000 -9.122934
 40.350000 -8.910367
 40.400000 -8.821218
 40.450000 -8.868613
 40.500000 -8.929756
 40.550000 -8.991879
 40.600000 -9.031944
 40.650000 -9.126798
 40.700000 -9.379639
 40.750000 -9.425769
 40.800000 -8.756138
 40.850000 -8.959250
 40.900000 -9.338838
 40.950000 -9.439679
 41.000000 -9.299173
 41.050000 -9.393570
 41.100000 -9.214143
 41.150000 -9.003988
 41.200000 -8.770632
 41.250000 -8.802056
 41.300000 -9.137207
 41.350000 -9.272683
 41.400000 -9.072982
 41.450000 -8.790770
 41.500000 -8.726993
 41.550000 -8.786825
 41.600000 -8.765269
 41.650000 -8.706351
 41.700000 -8.468914
 41.750000 -8.203910
 41.800000 -8.276450
 41.850000 -8.438937
 41.900000 -8.503742
 41.950000 -8.479772
 42.000000 -8.511248
 42.050000 -8.602998
 42.100000 -8.658565
 42.150000 -8.789022
 42.200000 -9.003896
 42.250000 -8.839792
 42.300000 -9.063518
 42.350000 -9.445161
 42.400000 -9.426340
 42.450000 -9.466815
 42.500000 -9.402530
 42.550000 -9.283582
 42.600000 -9.050623
 42.650000 -8.734921
 42.700000 -8.622077
 42.750000 -8.853263
 42.800000 -9.143991
 42.850000 -9.382254
 42.900000 -9.692324
 42.950000 -9.764519
 43.000000 -9.491625
 43.050000 -9.226856
 43.100000 -9.108832
 43.150000 -9.238987
 43.200000 -9.362314
 43.250000 -9.409149
 43.300000 -9.106290
 43.350000 -8.752295
 43.400000 -9.507484
 43.450000 -9.992991
 43.500000 -9.610457
 43.550000 -9.947211
 43.600000 -10.428924
 43.650000 -10.091353
 43.700000 -9.811421
 43.750000 -9.977406
 43.800000 -10.145669
 43.850000 -10.041396
 43.900000 -9.607252
 43.950000 -9.213536
 44.000000 -9.257125
 44.050000 -9.257032
 44.100000 -9.314571
 44.150000 -9.485772
 44.200000 -9.622138
 44.250000 -9.527912
 44.300000 -9.306783
 44.350000 -9.110026
 44.400000 -8.973858
 44.450000 -8.861843
 44.500000 -8.965296
 44.550000 -9.161320
 44.600000 -9.036530
 44.650000 -8.736343
 44.700000 -8.878506
 44.750000 -9.190835
 44.800000 -9.594474
 44.850000 -9.789263
 44.900000 -9.783337
 44.950000 -9.899584
 45.000000 -9.797999
 45.050000 -9.297409
 45.100000 -9.675379
 45.150000 -9.448189
 45.200000 -9.534935
 45.250000 -9.757008
 45.300000 -9.989635
 45.350000 -10.064724
 45.400000 -9.828956
 45.450000 -9.301656
 45.500000 -9.669514
 45.550000 -9.686592
 45.600000 -9.476819
 45.650000 -9.697201
 45.700000 -9.464051
 45.750000 -9.380256
 45.800000 -9.396575
 45.850000 -9.516253
 45.900000 -9.459097
 45.950000 -9.225282
 46.000000 -9.128446
 46.050000 -9.344060
 46.100000 -8.620553
 46.150000 -8.178694
 46.200000 -9.489519
 46.250000 -9.092466
 46.300000 -8.635326
 46.350000 -8.917614
 46.400000 -9.066571
 46.450000 -8.887866
 46.500000 -8.730579
 46.550000 -9.210256
 46.600000 -9.154770
 46.650000 -9.002918
 46.700000 -8.501756
 46.750000 -8.891923
 46.800000 -9.571989
 46.850000 -9.655616
 46.900000 -9.719910
 46.950000 -8.828718
 47.000000 -8.721478
 47.050000 -9.430039
 47.100000 -9.491006
 47.150000 -9.296780
 47.200000 -8.879220
 47.250000 -8.507023
 47.300000 -8.549662
 47.350000 -8.700168
 47.400000 -8.606301
 47.450000 -8.008912
 47.500000 -8.622354
 47.550000 -8.601495
 47.600000 -8.835177
 47.650000 -9.313420
 47.700000 -9.043066
 47.750000 -8.453345
 47.800000 -8.395058
 47.850000 -9.209834
 47.900000 -9.248799
 47.950000 -8.795116
 48.000000 -7.766107
 48.050000 -8.129363
 48.100000 -8.473752
 48.150000 -7.371678
 48.200000 -7.288870
 48.250000 -7.502260
 48.300000 -7.073569
 48.350000 -6.591849
 48.400000 -6.325412
 48.450000 -6.241371
 48.500000 -6.263278
 48.550000 -6.454521
 48.600000 -6.559188
 48.650000 -6.843339
 48.700000 -7.311963
 48.750000 -7.481786
 48.800000 -7.597905
 48.850000 -8.284512
 48.900000 -8.380990
 48.950000 -7.992378
 49.000000 -8.140901
 49.050000 -8.529932
 49.100000 -8.248675
 49.150000 -8.454703
 49.200000 -8.964639
 49.250000 -9.140813
 49.300000 -9.224831
 49.350000 -8.988475
 49.400000 -8.061814
 49.450000 -8.983572
 49.500000 -9.460999
 49.550000 -9.266737
 49.600000 -8.971463
 49.650000 -8.638272
 49.700000 -8.412707
 49.750000 -8.702559
 49.800000 -9.083276
 49.850000 -9.212959
 49.900000 -9.248877
 49.950000 -9.600274
 50.000000 -9.752354
 50.050000 -10.142298
 50.100000 -10.485736
 50.150000 -9.973982
 50.200000 -9.664172
 50.250000 -9.995496
 50.300000 -9.839726
 50.350000 -9.909036
 50.400000 -10.015477
 50.450000 -9.990109
 50.500000 -9.983409
 50.550000 -10.382901
 50.600000 -10.073401
 50.650000 -9.863929
 50.700000 -9.785631
 50.750000 -9.794638
 50.800000 -9.750540
 50.850000 -9.377310
 50.900000 -8.947546
 50.950000 -9.012239
 51.000000 -9.158772
 51.050000 -9.120633
 51.100000 -8.967712
 51.150000 -8.852541
 51.200000 -8.883066
 51.250000 -8.910667
 51.300000 -8.989666
 51.350000 -9.275178
 51.400000 -9.691766
 51.450000 -10.010361
 51.500000 -9.896543
 51.550000 -9.677608
 51.600000 -9.761131
 51.650000 -9.401797
 51.700000 -9.787770
 51.750000 -10.174975
 51.800000 -9.844941
 51.850000 -9.204665
 51.900000 -9.428846
 51.950000 -9.609650
 52.000000 -9.424825
 52.050000 -9.178068
 52.100000 -9.060905
 52.150000 -9.245714
 52.200000 -9.459714
 52.250000 -9.435620
 52.300000 -9.324854
 52.350000 -9.727837
 52.400000 -9.711241
 52.450000 -9.588440
 52.500000 -9.678505
 52.550000 -9.537760
 52.600000 -9.121697
 52.650000 -9.271692
 52.700000 -9.718793
 52.750000 -9.884329
 52.800000 -9.899023
 52.850000 -10.041680
 52.900000 -9.849799
 52.950000 -9.737176
 53.000000 -9.959472
 53.050000 -9.654203
 53.100000 -9.126505
 53.150000 -9.719913
 53.200000 -9.430024
 53.250000 -8.496188
 53.300000 -8.661094
 53.350000 -9.328189
 53.400000 -9.483741
 53.450000 -9.155133
 53.500000 -9.237116
 53.550000 -9.437273
 53.600000 -9.350325
 53.650000 -8.815500
 53.700000 -9.153447
 53.750000 -9.516478
 53.800000 -9.427451
 53.850000 -9.299412
 53.900000 -9.196261
 53.950000 -9.255898
 54.000000 -9.347743
 54.050000 -9.416038
 54.100000 -9.452085
 54.150000 -9.358798
 54.200000 -8.958903
 54.250000 -8.959303
 54.300000 -8.959129
 54.350000 -9.330786
 54.400000 -9.683416
 54.450000 -9.689396
 54.500000 -9.481713
 54.550000 -9.123452
 54.600000 -8.384753
 54.650000 -8.267825
 54.700000 -8.826816
 54.750000 -9.089472
 54.800000 -9.380909
 54.850000 -9.452138
 54.900000 -9.402478
 54.950000 -9.822373
 55.000000 -9.892565
 55.050000 -9.688027
 55.100000 -9.519172
 55.150000 -9.421386
 55.200000 -9.804893
 55.250000 -9.937783
 55.300000 -9.759123
 55.350000 -9.769649
 55.400000 -9.860721
 55.450000 -9.490090
 55.500000 -9.379584
 55.550000 -9.643195
 55.600000 -9.413243
 55.650000 -9.603890
 55.700000 -9.779477
 55.750000 -9.774196
 55.800000 -9.755295
 55.850000 -9.604949
 55.900000 -9.117291
 55.950000 -9.380273
 56.000000 -9.679872
 56.050000 -9.881869
 56.100000 -10.264310
 56.150000 -10.234202
 56.200000 -9.495933
 56.250000 -9.063855
 56.300000 -9.359521
 56.350000 -9.605371
 56.400000 -9.522659
 56.450000 -9.340011
 56.500000 -9.220292
 56.550000 -9.305232
 56.600000 -9.397528
 56.650000 -9.376933
 56.700000 -9.568227
 56.750000 -10.212579
 56.800000 -9.878976
 56.850000 -9.398039
 56.900000 -9.721791
 56.950000 -10.138181
 57.000000 -10.057757
 57.050000 -9.675942
 57.100000 -9.490529
 57.150000 -9.295564
 57.200000 -8.580712
 57.250000 -8.159178
 57.300000 -8.737965
 57.350000 -8.781159
 57.400000 -9.084299
 57.450000 -9.512331
 57.500000 -9.129466
 57.550000 -9.380118
 57.600000 -10.106122
 57.650000 -10.108602
 57.700000 -9.951796
 57.750000 -9.868831
 57.800000 -9.768893
 57.850000 -9.547155
 57.900000 -9.300957
 57.950000 -9.198018
 58.000000 -9.317947
 58.050000 -9.337740
 58.100000 -9.395337
 58.150000 -9.485529
 58.200000 -9.430979
 58.250000 -9.219840
 58.300000 -9.449736
 58.350000 -9.757630
 58.400000 -9.801613
 58.450000 -9.337985
 58.500000 -9.556389
 58.550000 -10.118856
 58.600000 -9.678066
 58.650000 -8.974710
 58.700000 -9.899739
 58.750000 -10.024981
 58.800000 -9.685434
 58.850000 -9.736098
 58.900000 -9.537767
 58.950000 -9.740181
 59.000000 -10.334574
 59.050000 -10.556599
 59.100000 -10.471302
 59.150000 -10.457793
 59.200000 -10.903233
 59.250000 -10.734027
 59.300000 -10.649475
 59.350000 -10.468923
 59.400000 -10.235419
 59.450000 -10.021153
 59.500000 -9.907105
 59.550000 -9.828443
 59.600000 -9.858086
 59.650000 -10.003263
 59.700000 -10.260683
 59.750000 -10.659233
 59.800000 -10.219897
 59.850000 -9.337759
 59.900000 -9.888689
 59.950000 -10.052614
 60.000000 -10.241891
